152580.0 447517.4899999997 
151570.0 448752.5599999998 
157156.0 440697.90000000014 
176384.0 434916.1500000001 
157432.0 440606.9299999998 
153276.0 446895.84999999974 
156806.0 440972.8700000002 
157502.0 440556.6200000003 
152190.0 447549.50000000064 
154192.0 445787.64999999985 
157698.0 439874.97000000044 
155160.0 441688.4300000001 
153140.0 446948.05 
153468.0 446771.6199999996 
152984.0 447385.88000000047 
156990.0 440889.21000000025 
157036.0 440717.0299999999 
155672.0 441435.4099999997 
169554.0 435751.47000000114 
171102.0 435063.65000000043 
165532.0 436339.72999999986 
177254.0 434848.9000000001 
171756.0 434937.26000000065 
154520.0 444622.34999999957 
153806.0 446553.9999999999 
160168.0 437298.49 
163868.0 436910.58000000025 
180466.0 434815.9100000003 
167676.0 436260.99000000104 
159534.0 438861.39000000036 
157838.0 439114.8300000002 
165022.0 436347.25 
157694.0 440149.8100000004 
