<<<<<<< Updated upstream
108300.0 -2.0696269999999955E7 
108300.0 -2.0696269999999955E7 
108300.0 -2.0696269999999955E7 
108300.0 -2.0696269999999955E7 
108300.0 -2.0696269999999955E7 
108300.0 -2.0696269999999955E7 
108300.0 -2.0696269999999955E7 
108300.0 -2.0696269999999955E7 
108300.0 -2.0696269999999955E7 
108300.0 -2.0696269999999955E7 
108300.0 -2.0696269999999955E7 
108300.0 -2.0696269999999955E7 
108300.0 -2.0696269999999955E7 
108300.0 -2.0696269999999955E7 
108300.0 -2.0696269999999955E7 
108300.0 -2.0696269999999955E7 
108300.0 -2.0696269999999955E7 
108300.0 -2.0696269999999955E7 
108300.0 -2.0696269999999955E7 
108300.0 -2.0696269999999955E7 
108300.0 -2.0696269999999955E7 
108300.0 -2.0696269999999955E7 
108300.0 -2.0696269999999955E7 
108300.0 -2.0696269999999955E7 
108300.0 -2.0696269999999955E7 
108300.0 -2.0696269999999955E7 
108300.0 -2.0696269999999955E7 
108300.0 -2.0696269999999955E7 
108300.0 -2.0696269999999955E7 
108300.0 -2.0696269999999955E7 
108300.0 -2.0696269999999955E7 
108300.0 -2.0696269999999955E7 
108300.0 -2.0696269999999955E7 
108300.0 -2.0696269999999955E7 
108300.0 -2.0696269999999955E7 
108300.0 -2.0696269999999955E7 
108300.0 -2.0696269999999955E7 
108300.0 -2.0696269999999955E7 
108300.0 -2.0696269999999955E7 
108300.0 -2.0696269999999955E7 
108300.0 -2.0696269999999955E7 
108300.0 -2.0696269999999955E7 
108300.0 -2.0696269999999955E7 
108300.0 -2.0696269999999955E7 
108300.0 -2.0696269999999955E7 
108300.0 -2.0696269999999955E7 
108300.0 -2.0696269999999955E7 
108300.0 -2.0696269999999955E7 
108300.0 -2.0696269999999955E7 
108300.0 -2.0696269999999955E7 
108300.0 -2.0696269999999955E7 
108300.0 -2.0696269999999955E7 
108300.0 -2.0696269999999955E7 
108300.0 -2.0696269999999955E7 
108300.0 -2.0696269999999955E7 
108300.0 -2.0696269999999955E7 
108300.0 -2.0696269999999955E7 
108300.0 -2.0696269999999955E7 
108300.0 -2.0696269999999955E7 
108300.0 -2.0696269999999955E7 
108300.0 -2.0696269999999955E7 
108300.0 -2.0696269999999955E7 
108300.0 -2.0696269999999955E7 
108300.0 -2.0696269999999955E7 
108300.0 -2.0696269999999955E7 
108300.0 -2.0696269999999955E7 
108300.0 -2.0696269999999955E7 
108300.0 -2.0696269999999955E7 
108300.0 -2.0696269999999955E7 
108300.0 -2.0696269999999955E7 
108300.0 -2.0696269999999955E7 
108300.0 -2.0696269999999955E7 
108300.0 -2.0696269999999955E7 
108300.0 -2.0696269999999955E7 
108300.0 -2.0696269999999955E7 
108300.0 -2.0696269999999955E7 
108300.0 -2.0696269999999955E7 
108300.0 -2.0696269999999955E7 
108300.0 -2.0696269999999955E7 
108300.0 -2.0696269999999955E7 
108300.0 -2.0696269999999955E7 
108300.0 -2.0696269999999955E7 
108300.0 -2.0696269999999955E7 
108300.0 -2.0696269999999955E7 
108300.0 -2.0696269999999955E7 
108300.0 -2.0696269999999955E7 
108300.0 -2.0696269999999955E7 
108300.0 -2.0696269999999955E7 
108300.0 -2.0696269999999955E7 
108300.0 -2.0696269999999955E7 
108300.0 -2.0696269999999955E7 
108300.0 -2.0696269999999955E7 
108300.0 -2.0696269999999955E7 
108300.0 -2.0696269999999955E7 
108300.0 -2.0696269999999955E7 
108300.0 -2.0696269999999955E7 
108300.0 -2.0696269999999955E7 
108300.0 -2.0696269999999955E7 
108300.0 -2.0696269999999955E7 
108300.0 -2.0696269999999955E7 
108300.0 -2.0696269999999955E7 
108300.0 -2.0696269999999955E7 
108300.0 -2.0696269999999955E7 
108300.0 -2.0696269999999955E7 
108300.0 -2.0696269999999955E7 
108300.0 -2.0696269999999955E7 
108300.0 -2.0696269999999955E7 
108300.0 -2.0696269999999955E7 
108300.0 -2.0696269999999955E7 
108300.0 -2.0696269999999955E7 
108300.0 -2.0696269999999955E7 
108300.0 -2.0696269999999955E7 
108300.0 -2.0696269999999955E7 
108300.0 -2.0696269999999955E7 
108300.0 -2.0696269999999955E7 
108300.0 -2.0696269999999955E7 
108300.0 -2.0696269999999955E7 
108300.0 -2.0696269999999955E7 
108300.0 -2.0696269999999955E7 
108300.0 -2.0696269999999955E7 
108300.0 -2.0696269999999955E7 
108300.0 -2.0696269999999955E7 
108300.0 -2.0696269999999955E7 
108300.0 -2.0696269999999955E7 
108300.0 -2.0696269999999955E7 
108300.0 -2.0696269999999955E7 
108300.0 -2.0696269999999955E7 
108300.0 -2.0696269999999955E7 
108300.0 -2.0696269999999955E7 
108300.0 -2.0696269999999955E7 
108300.0 -2.0696269999999955E7 
108300.0 -2.0696269999999955E7 
108300.0 -2.0696269999999955E7 
108300.0 -2.0696269999999955E7 
108300.0 -2.0696269999999955E7 
108300.0 -2.0696269999999955E7 
108300.0 -2.0696269999999955E7 
108300.0 -2.0696269999999955E7 
108300.0 -2.0696269999999955E7 
108300.0 -2.0696269999999955E7 
108300.0 -2.0696269999999955E7 
108300.0 -2.0696269999999955E7 
108300.0 -2.0696269999999955E7 
108300.0 -2.0696269999999955E7 
108300.0 -2.0696269999999955E7 
108300.0 -2.0696269999999955E7 
108300.0 -2.0696269999999955E7 
108300.0 -2.0696269999999955E7 
108300.0 -2.0696269999999955E7 
108300.0 -2.0696269999999955E7 
=======
2236700.0 4.8149373799000007E8 
>>>>>>> Stashed changes
